38
55950.0000 31683.3333
56133.3333 31683.3333
57683.3333 31683.3333
56100.0000 31700.0000
55333.3333 31716.6667
54416.6667 31733.3333
55983.3333 31733.3333
55016.6667 31750.0000
55466.6667 31750.0000
56066.6667 31750.0000
54800.0000 31766.6667
56016.6667 31766.6667
56250.0000 31766.6667
54333.3333 31783.3333
54750.0000 31783.3333
55150.0000 31783.3333
56250.0000 31783.3333
54716.6667 31800.0000
55333.3333 31800.0000
55700.0000 31800.0000
56133.3333 31800.0000
54666.6667 31816.6667
55183.3333 31816.6667
55216.6667 31816.6667
55500.0000 31816.6667
55916.6667 31816.6667
55966.6667 31816.6667
54166.6667 31833.3333
55766.6667 31833.3333
55933.3333 31833.3333
55983.3333 31833.3333
